13352,514.4869995117188,232.48020935058594,73.98676300048828,0.9480069279670715,13585,0.5928162336349487,Cammeo
14824,513.2169799804688,220.1602020263672,86.8072509765625,0.9189855456352234,15150,0.5683613419532776,Cammeo
15786,500.8609924316406,205.4672393798828,98.816650390625,0.8767555356025696,16127,0.6109133362770081,Cammeo
14571,489.4330139160156,206.7878875732422,90.45136260986328,0.8992615342140198,14839,0.6055102944374084,Cammeo
14601,476.22601318359375,192.60653686523438,97.93213653564453,0.8610873818397522,14815,0.6278379559516907,Cammeo
15581,517.3319702148438,221.95938110351562,90.30760955810547,0.9134880900382996,15901,0.5540896058082581,Cammeo
12930,474.0780029296875,205.35633850097656,80.71208190917969,0.9195238351821899,13181,0.7406346797943115,Cammeo
16505,506.89599609375,207.34584045410156,103.24419403076172,0.8672158718109131,16782,0.778170645236969,Cammeo
16006,528.176025390625,222.67190551757812,93.09613037109375,0.9084072113037109,16466,0.6118501424789429,Cammeo
14477,499.4700012207031,217.10546875,85.79216766357422,0.9186108112335205,14726,0.5755118131637573,Cammeo
15071,494.135009765625,200.59483337402344,97.3932876586914,0.8742242455482483,15575,0.6892120838165283,Cammeo
14181,485.2449951171875,206.8582763671875,87.94334411621094,0.9051284790039062,14423,0.647830069065094,Cammeo
13680,473.08599853515625,194.9403839111328,91.22505187988281,0.8837476372718811,14077,0.7794871926307678,Cammeo
15551,515.7839965820312,215.08973693847656,93.75079345703125,0.9000104665756226,15908,0.5656554698944092,Cammeo
16865,517.7470092773438,210.4794464111328,103.80493927001953,0.8699254393577576,17234,0.6502043604850769,Cammeo
16258,533.3410034179688,229.1129913330078,91.12013244628906,0.9175119400024414,16705,0.5708166360855103,Cammeo
15133,503.218994140625,216.5750274658203,89.47614288330078,0.910666823387146,15359,0.5926143527030945,Cammeo
15742,499.98199462890625,209.39419555664062,96.45911407470703,0.8875777125358582,15950,0.7566086649894714,Cammeo
12181,456.93798828125,194.85516357421875,80.28486633300781,0.9111733436584473,12489,0.5848938822746277,Cammeo
16679,528.552001953125,222.7795867919922,96.64006805419922,0.9010128974914551,17006,0.5691714286804199,Cammeo
16862,519.4710083007812,219.6599578857422,98.39157104492188,0.8940702676773071,17104,0.6122730374336243,Cammeo
13013,470.95599365234375,197.69464111328125,84.80590057373047,0.9033167362213135,13376,0.5756436586380005,Cammeo
15042,502.2139892578125,212.09437561035156,91.29269409179688,0.9026219248771667,15416,0.7021097540855408,Cammeo
15486,492.6940002441406,204.37213134765625,97.6780014038086,0.878391444683075,15688,0.6011645793914795,Cammeo
13109,484.9930114746094,204.72830200195312,82.84823608398438,0.9144610166549683,13497,0.5251161456108093,Cammeo
14759,493.8039855957031,207.78457641601562,91.68565368652344,0.8973825573921204,15106,0.7058683037757874,Cammeo
11396,446.2829895019531,192.23240661621094,76.52645874023438,0.917344868183136,11692,0.6451539993286133,Cammeo
14324,487.25299072265625,195.9451446533203,94.84135437011719,0.8750569820404053,14822,0.7574027180671692,Cammeo
14850,500.2980041503906,213.07789611816406,89.35130310058594,0.9078309535980225,15124,0.5802140831947327,Cammeo
13909,475.6180114746094,199.60726928710938,89.94419860839844,0.892723023891449,14241,0.7278769016265869,Cammeo
15454,500.8970031738281,208.54159545898438,95.32327270507812,0.8894180059432983,15773,0.583433985710144,Cammeo
14938,502.68701171875,209.6447296142578,92.03596496582031,0.8984825611114502,15331,0.6352000832557678,Cammeo
11966,456.84600830078125,194.270263671875,79.3506851196289,0.912778377532959,12337,0.5745978355407715,Cammeo
15644,501.114013671875,210.3576202392578,95.27698516845703,0.8915467858314514,15858,0.7879123687744141,Cammeo
15552,492.98199462890625,198.20626831054688,101.64401245117188,0.8584965467453003,15936,0.6274510025978088,Cammeo
15807,513.510986328125,219.29632568359375,92.29656982421875,0.9071182012557983,16078,0.780978262424469,Cammeo
13824,491.6199951171875,206.38902282714844,86.8548812866211,0.9071391224861145,14268,0.6338667273521423,Cammeo
13282,470.25799560546875,199.7113800048828,85.10118103027344,0.9046662449836731,13513,0.6716221570968628,Cammeo
14332,497.1409912109375,206.54681396484375,90.75944519042969,0.898284912109375,14830,0.5665717720985413,Cammeo
13779,481.97601318359375,200.47857666015625,88.84671020507812,0.8964360952377319,14192,0.5719800591468811,Cammeo
13644,473.1780090332031,200.29051208496094,87.84367370605469,0.8986915349960327,13859,0.6767857074737549,Cammeo
13809,489.0220031738281,213.82554626464844,82.49403381347656,0.9225821495056152,14070,0.8057532906532288,Cammeo
13726,484.24700927734375,209.70306396484375,83.88441467285156,0.9165084958076477,13969,0.5555960536003113,Cammeo
14266,486.4779968261719,207.72604370117188,88.09992218017578,0.9056079387664795,14485,0.603851854801178,Cammeo
13200,477.85101318359375,202.59695434570312,83.68836975097656,0.9106956124305725,13585,0.6413994431495667,Cammeo
16146,509.3320007324219,213.62002563476562,96.6488037109375,0.8917982578277588,16404,0.5967622995376587,Cammeo
12820,459.1709899902344,193.70509338378906,84.8340835571289,0.8989970088005066,13002,0.5961681604385376,Cammeo
12575,456.75299072265625,188.6798553466797,85.98197174072266,0.8901318907737732,12936,0.7392710447311401,Cammeo
14057,483.4800109863281,201.57481384277344,89.90643310546875,0.8950228691101074,14388,0.5672720074653625,Cammeo
14305,490.1820068359375,206.8847198486328,88.67579650878906,0.9034829139709473,14695,0.6541820764541626,Cammeo
12626,455.2969970703125,188.6578826904297,86.60137939453125,0.8884159922599792,12911,0.7338991165161133,Cammeo
15655,488.90301513671875,199.5566864013672,101.02620697021484,0.8623848557472229,15880,0.6337543725967407,Cammeo
11797,451.9599914550781,195.59365844726562,77.40120697021484,0.9183692336082458,11988,0.5701512694358826,Cammeo
15199,489.54400634765625,205.31573486328125,94.80870056152344,0.8869995474815369,15419,0.7639992237091064,Cammeo
12921,477.1210021972656,197.7001495361328,84.82759094238281,0.9032703042030334,13557,0.7239466309547424,Cammeo
13724,468.5719909667969,191.87159729003906,92.48851013183594,0.8761528730392456,14048,0.7407167553901672,Cammeo
13520,471.52899169921875,195.30615234375,89.44055938720703,0.8889776468276978,13950,0.5701273679733276,Cammeo
14261,496.3590087890625,208.8519744873047,88.2422103881836,0.9063578844070435,14763,0.6956585645675659,Cammeo
13567,481.0950012207031,206.62841796875,84.00917053222656,0.9136191010475159,13818,0.601107656955719,Cammeo
14850,499.2070007324219,210.13363647460938,91.14337158203125,0.9010380506515503,15327,0.5890052318572998,Cammeo
15522,507.24200439453125,213.6819305419922,94.90153503417969,0.8959647417068481,15782,0.7789040803909302,Cammeo
13241,466.989990234375,193.54421997070312,88.058349609375,0.8905026912689209,13577,0.5776546597480774,Cammeo
16063,520.7449951171875,217.913818359375,95.20046997070312,0.8995236158370972,16561,0.5567571520805359,Cammeo
13494,479.4460144042969,203.02734375,85.75126647949219,0.906426727771759,13842,0.7729407548904419,Cammeo
15569,504.7539978027344,214.50677490234375,93.19715881347656,0.9006854295730591,15815,0.7730387449264526,Cammeo
13621,477.5429992675781,200.9577178955078,87.28850555419922,0.9007381200790405,13956,0.7958980798721313,Cammeo
13875,490.8380126953125,207.13223266601562,87.32526397705078,0.9067856669425964,14243,0.5756306052207947,Cammeo
14265,480.927001953125,200.18844604492188,91.48053741455078,0.8894810080528259,14627,0.754562258720398,Cammeo
12612,463.5950012207031,197.6829376220703,82.37692260742188,0.9090384244918823,12919,0.5840511322021484,Cammeo
13268,473.4339904785156,200.70083618164062,84.70034790039062,0.906585156917572,13562,0.7162213325500488,Cammeo
14910,511.6000061035156,221.61228942871094,86.21698760986328,0.9212190508842468,15215,0.6996386647224426,Cammeo
14146,504.3559875488281,214.06288146972656,85.74496459960938,0.9162706732749939,14716,0.6252651810646057,Cammeo
13568,484.64801025390625,208.0720977783203,83.69619750976562,0.915531575679779,13962,0.7879210114479065,Cammeo
14212,484.9460144042969,205.00323486328125,89.6155014038086,0.8993925452232361,14502,0.7521964907646179,Cammeo
14458,475.04400634765625,196.98611450195312,93.99989318847656,0.8787999153137207,14669,0.6018900275230408,Cammeo
12734,470.614013671875,204.4029083251953,80.16529846191406,0.919883131980896,12982,0.7145903706550598,Cammeo
14753,489.5360107421875,207.46600341796875,92.00662994384766,0.8962852358818054,14984,0.804679811000824,Cammeo
13901,478.8489990234375,200.44190979003906,89.34198760986328,0.8951699137687683,14232,0.5685480833053589,Cammeo
14819,496.62298583984375,205.99134826660156,92.82656860351562,0.8927091360092163,15194,0.726421594619751,Cammeo
12006,467.6409912109375,207.447998046875,74.46878814697266,0.9333469271659851,12237,0.5487453937530518,Cammeo
15344,501.79998779296875,212.42269897460938,92.9614028930664,0.8991577625274658,15604,0.7942029237747192,Cammeo
12450,456.22100830078125,191.1428680419922,84.21341705322266,0.8977141380310059,12740,0.572150707244873,Cammeo
12817,460.552001953125,191.18788146972656,86.31359100341797,0.8922916054725647,13132,0.6023309230804443,Cammeo
14908,499.468994140625,209.11947631835938,92.06287384033203,0.8978798985481262,15324,0.7633384466171265,Cammeo
14980,503.8169860839844,214.18650817871094,89.89457702636719,0.9076617956161499,15361,0.7353951930999756,Cammeo
15213,495.4169921875,206.2999725341797,94.53257751464844,0.8888342976570129,15516,0.7013508081436157,Cammeo
12899,472.26300048828125,205.5205535888672,80.43336486816406,0.9202359318733215,13107,0.585918664932251,Cammeo
13263,487.8909912109375,214.42803955078125,79.64109802246094,0.9284682869911194,13491,0.6744470000267029,Cammeo
13988,491.489013671875,208.36463928222656,86.78496551513672,0.9091333150863647,14427,0.6131054162979126,Cammeo
13181,470.3890075683594,199.47207641601562,84.90553283691406,0.904887318611145,13429,0.7343584895133972,Cammeo
12220,465.6860046386719,200.17416381835938,79.0418472290039,0.9187389612197876,12588,0.5743830800056458,Cammeo
13834,480.27398681640625,202.77027893066406,87.72439575195312,0.9015718102455139,14151,0.7281052470207214,Cammeo
16249,512.7919921875,215.7268524169922,96.96568298339844,0.8932885527610779,16493,0.7371835708618164,Cammeo
11993,444.56500244140625,187.1829071044922,82.64057159423828,0.8972630500793457,12276,0.5873739123344421,Cammeo
14313,482.9750061035156,204.72007751464844,89.7869873046875,0.8986901044845581,14622,0.5732997059822083,Cammeo
14563,496.7760009765625,206.1271514892578,91.53044128417969,0.8960027694702148,15116,0.5910548567771912,Cammeo
14176,513.1489868164062,220.0369873046875,83.43087005615234,0.9253280758857727,14675,0.5437876582145691,Cammeo
14041,491.6610107421875,212.85693359375,84.56730651855469,0.9176903367042542,14289,0.7866106629371643,Cammeo
13022,467.0769958496094,194.75408935546875,86.67639923095703,0.8955029249191284,13355,0.5962454080581665,Cammeo
12796,471.2090148925781,203.92962646484375,80.33000946044922,0.919148862361908,13022,0.6840586066246033,Cammeo
13811,482.2980041503906,206.71475219726562,85.73661804199219,0.9099317193031311,14000,0.5559312701225281,Cammeo
13053,480.95098876953125,205.95242309570312,81.65559387207031,0.9180442690849304,13478,0.683582067489624,Cammeo
12879,469.13299560546875,200.79550170898438,82.0430908203125,0.912717878818512,13132,0.7691251039505005,Cammeo
14768,499.87701416015625,210.55880737304688,90.47418212890625,0.9029783606529236,15158,0.5831161737442017,Cammeo
12040,441.02301025390625,182.7528076171875,85.1511459350586,0.8848183155059814,12372,0.7474082708358765,Cammeo
13023,480.447998046875,205.3120880126953,82.03385162353516,0.9167084097862244,13444,0.6324300765991211,Cammeo
14712,496.0360107421875,212.73992919921875,89.09264373779297,0.9080846309661865,14925,0.7339485883712769,Cammeo
11353,431.47900390625,182.00241088867188,80.06295776367188,0.8980464935302734,11579,0.7166393399238586,Cammeo
15534,521.9299926757812,221.58566284179688,90.55494689941406,0.9126831889152527,16187,0.7083447575569153,Cammeo
13337,468.6210021972656,196.7711944580078,87.31040954589844,0.8961677551269531,13598,0.6944184303283691,Cammeo
10951,432.61199951171875,182.0443115234375,78.215576171875,0.9029948711395264,11242,0.5471122860908508,Cammeo
12590,461.1369934082031,195.53488159179688,82.96224212646484,0.9055293798446655,12915,0.676009476184845,Cammeo
12932,456.6549987792969,191.32862854003906,86.72583770751953,0.8913671374320984,13098,0.6630434989929199,Cammeo
11941,452.60198974609375,196.03004455566406,78.68724060058594,0.9159011244773865,12131,0.6513391137123108,Cammeo
13665,472.5159912109375,199.54421997070312,87.68463897705078,0.8982794880867004,13944,0.711422324180603,Cammeo
14272,491.4540100097656,210.5023193359375,87.93792724609375,0.9085607528686523,14545,0.8033774495124817,Cammeo
14874,487.5039978027344,204.91339111328125,92.88920593261719,0.8913531303405762,15065,0.6144757270812988,Cammeo
14418,480.322998046875,199.11843872070312,93.31120300292969,0.8833990097045898,14780,0.7585227489471436,Cammeo
12434,454.89300537109375,193.157958984375,82.85859680175781,0.9033196568489075,12652,0.703678548336029,Cammeo
13328,489.385986328125,217.28561401367188,78.70890808105469,0.9320859909057617,13530,0.7574448585510254,Cammeo
12104,441.7749938964844,182.46212768554688,85.51346588134766,0.88337641954422,12378,0.739130437374115,Cammeo
14398,487.7239990234375,210.09169006347656,87.59719848632812,0.9089305996894836,14654,0.7853168845176697,Cammeo
12352,453.135009765625,191.1118927001953,83.35073852539062,0.8998808860778809,12683,0.5784667134284973,Cammeo
14609,490.24700927734375,206.06227111816406,91.49974060058594,0.8960072994232178,14837,0.7196551561355591,Cammeo
12663,468.2239990234375,199.69749450683594,81.61620330810547,0.9126691222190857,12979,0.6233938932418823,Cammeo
13900,475.8890075683594,198.16893005371094,90.5426025390625,0.8895201086997986,14161,0.7172342538833618,Cammeo
14439,490.4700012207031,204.82806396484375,91.0484619140625,0.8957730531692505,14815,0.7913948893547058,Cammeo
14333,493.89898681640625,207.50994873046875,89.44615936279297,0.9023303389549255,14772,0.5597953200340271,Cammeo
13848,475.5899963378906,196.22555541992188,90.74702453613281,0.8866387009620667,14260,0.5863820910453796,Cammeo
13582,475.8559875488281,195.6396942138672,89.24896240234375,0.8898821473121643,13890,0.7218324542045593,Cammeo
14212,485.9859924316406,203.41848754882812,90.01188659667969,0.8967704176902771,14508,0.5732032060623169,Cammeo
15236,514.7930297851562,223.32785034179688,87.76150512695312,0.9195505976676941,15686,0.6562432646751404,Cammeo
14955,508.7170104980469,217.98155212402344,88.6121826171875,0.913645327091217,15363,0.5694106221199036,Cammeo
14364,497.1199951171875,212.0083465576172,87.53479766845703,0.9107837677001953,14805,0.6412500143051147,Cammeo
12975,463.85101318359375,196.42396545410156,85.06411743164062,0.9013632535934448,13358,0.6091263294219971,Cammeo
12579,452.2170104980469,191.24317932128906,84.36917114257812,0.8974276185035706,12889,0.6002863049507141,Cammeo
15982,523.1740112304688,220.01499938964844,94.2184829711914,0.903666615486145,16337,0.5692000985145569,Cammeo
10959,447.2330017089844,197.35841369628906,71.06098175048828,0.9329289197921753,11133,0.49741286039352417,Cammeo
13631,473.5469970703125,193.4940185546875,91.50906372070312,0.8811001777648926,14141,0.5802894830703735,Cammeo
14482,489.3179931640625,205.3863067626953,90.80043029785156,0.8969678282737732,14781,0.5689032077789307,Cammeo
14892,503.6470031738281,213.27195739746094,90.4786605834961,0.9055494070053101,15279,0.5939220190048218,Cammeo
14608,504.3059997558594,210.26992797851562,90.16651916503906,0.9033931493759155,15125,0.6351304054260254,Cammeo
12326,459.6820068359375,194.34097290039062,82.0794677734375,0.9064338803291321,12686,0.6193347573280334,Cammeo
13467,473.3009948730469,203.08192443847656,84.99755859375,0.9081991910934448,13753,0.7739655375480652,Cammeo
15158,505.2760009765625,209.4760284423828,93.92682647705078,0.8938383460044861,15586,0.6093668341636658,Cammeo
13132,471.8039855957031,199.55653381347656,84.98833465576172,0.9047768115997314,13423,0.7536730766296387,Cammeo
14178,488.8810119628906,207.39559936523438,88.0680923461914,0.905363142490387,14406,0.5577498078346252,Cammeo
15232,508.8169860839844,216.76290893554688,90.63308715820312,0.9083914160728455,15603,0.590822696685791,Cammeo
10885,434.27301025390625,191.09132385253906,73.5486068725586,0.9229636192321777,11024,0.7998971343040466,Cammeo
14802,497.8320007324219,209.61795043945312,91.14713287353516,0.9005149602890015,15208,0.6229798197746277,Cammeo
14889,499.20599365234375,210.3841552734375,91.71178436279297,0.8999828100204468,15221,0.6046294569969177,Cammeo
15547,501.80499267578125,208.49917602539062,95.807861328125,0.8881716132164001,15867,0.5982837080955505,Cammeo
11377,456.4540100097656,200.8426055908203,72.35116577148438,0.9328603744506836,11573,0.7522481083869934,Cammeo
12709,461.0119934082031,190.77874755859375,87.41279602050781,0.8888545632362366,13064,0.7869349718093872,Cammeo
12384,460.135986328125,190.87037658691406,85.09120178222656,0.8951295018196106,12811,0.6048351526260376,Cammeo
12219,438.281005859375,182.18772888183594,86.19641876220703,0.8809986710548401,12471,0.6017729640007019,Cammeo
13125,475.3550109863281,198.59844970703125,85.407958984375,0.9028034210205078,13575,0.5831778049468994,Cammeo
13014,459.5570068359375,193.65951538085938,86.19818878173828,0.8954799771308899,13253,0.67507004737854,Cammeo
13523,468.1669921875,195.4015350341797,88.65399932861328,0.8911536335945129,13811,0.6679344177246094,Cammeo
14851,517.3469848632812,217.69839477539062,88.81024932861328,0.9130038619041443,15256,0.7280615568161011,Cammeo
14467,498.6239929199219,213.5956268310547,86.99999237060547,0.9132892489433289,14857,0.7407578229904175,Cammeo
14560,501.2460021972656,212.10609436035156,89.3213119506836,0.9070066809654236,14988,0.6895571947097778,Cammeo
15007,506.5799865722656,217.26747131347656,88.55015563964844,0.9131771326065063,15314,0.7373722195625305,Cammeo
14500,504.0679931640625,218.905029296875,85.14116668701172,0.9212626218795776,14864,0.6198965311050415,Cammeo
13637,466.65301513671875,193.53421020507812,90.35423278808594,0.8843289017677307,13838,0.6916717290878296,Cammeo
16471,523.989013671875,219.86912536621094,96.81116485595703,0.8978444933891296,16844,0.7330217957496643,Cammeo
15452,513.2620239257812,220.03907775878906,90.55233764648438,0.9113969206809998,15775,0.7811931371688843,Cammeo
14041,481.947998046875,204.59848022460938,88.18790435791016,0.9023380279541016,14284,0.572307825088501,Cammeo
14865,495.0710144042969,202.86785888671875,94.2719497680664,0.8854700922966003,15235,0.6041945815086365,Cammeo
12720,461.8059997558594,197.94400024414062,82.811279296875,0.9082826375961304,12974,0.7567824721336365,Cammeo
12972,467.3800048828125,194.52908325195312,86.50667572021484,0.8956806063652039,13425,0.7746790051460266,Cammeo
12931,460.5350036621094,192.90802001953125,86.566650390625,0.8936594724655151,13302,0.6070607304573059,Cammeo
14017,474.30999755859375,198.33673095703125,90.86869049072266,0.8888730406761169,14320,0.7605534195899963,Cammeo
13269,491.89300537109375,212.57470703125,81.0641098022461,0.924433171749115,13728,0.6509517431259155,Cammeo
13734,487.8399963378906,213.2474365234375,83.18276977539062,0.9207825064659119,13941,0.8052298426628113,Cammeo
14549,488.9530029296875,206.69482421875,90.76068878173828,0.8984358310699463,14856,0.582472562789917,Cammeo
14831,493.760986328125,208.26853942871094,91.54232025146484,0.8982231020927429,15099,0.7902280688285828,Cammeo
13669,481.66900634765625,201.90663146972656,87.06825256347656,0.9022418856620789,14065,0.5583741664886475,Cammeo
13735,484.77099609375,204.81063842773438,86.75872039794922,0.9058471918106079,13960,0.5536966919898987,Cammeo
15583,504.1830139160156,207.84683227539062,96.91175842285156,0.8846449851989746,15906,0.6853888034820557,Cammeo
11856,456.4219970703125,201.0033721923828,75.42108154296875,0.9269345998764038,12027,0.716461181640625,Cammeo
12735,473.0509948730469,200.6844482421875,81.7311782836914,0.9133113026618958,13140,0.5376139879226685,Cammeo
14378,491.4800109863281,202.71188354492188,91.38580322265625,0.8926168084144592,14805,0.6402173042297363,Cammeo
14403,510.5589904785156,223.41207885742188,83.20211029052734,0.9280661344528198,14781,0.5987777709960938,Cammeo
12274,456.1239929199219,194.4873809814453,81.23902893066406,0.9085810780525208,12562,0.7096438407897949,Cammeo
12172,452.3290100097656,193.69253540039062,80.80777740478516,0.9088164567947388,12430,0.6780303120613098,Cammeo
14085,489.4549865722656,200.52655029296875,91.23562622070312,0.8905014991760254,14670,0.627170741558075,Cammeo
12410,463.489990234375,195.17149353027344,82.36030578613281,0.9066007137298584,12849,0.5640909075737,Cammeo
13196,474.9880065917969,199.98130798339844,85.65816497802734,0.9036219716072083,13463,0.5564645528793335,Cammeo
13455,467.197998046875,195.92857360839844,88.51917266845703,0.892122745513916,13723,0.7535282373428345,Cammeo
12593,463.3689880371094,195.75762939453125,83.07966613769531,0.9054744839668274,12907,0.697750449180603,Cammeo
14608,498.35198974609375,210.69137573242188,89.91736602783203,0.9043588638305664,14951,0.6598012447357178,Cammeo
12939,469.4809875488281,202.04331970214844,83.09899139404297,0.911503255367279,13165,0.6577034592628479,Cammeo
13193,469.4150085449219,201.6045684814453,83.729736328125,0.9096769094467163,13535,0.7359290719032288,Cammeo
11883,448.21600341796875,191.74635314941406,79.46400451660156,0.91008460521698,12103,0.5503172278404236,Cammeo
13501,485.7560119628906,205.77101135253906,84.90839385986328,0.9108963012695312,13896,0.6585211157798767,Cammeo
12202,442.36199951171875,180.03778076171875,87.39917755126953,0.8742649555206299,12521,0.7791826128959656,Cammeo
13273,463.3330078125,197.45278930664062,85.99746704101562,0.9001721143722534,13462,0.5858233571052551,Cammeo
12899,468.3890075683594,201.04827880859375,82.38740539550781,0.9121802449226379,13132,0.7004995942115784,Cammeo
13885,479.2879943847656,198.09417724609375,90.59051513671875,0.8893071413040161,14271,0.7871315479278564,Cammeo
13574,473.22100830078125,197.87277221679688,88.44189453125,0.8945522308349609,13879,0.6412509679794312,Cammeo
14913,502.8680114746094,215.6001434326172,88.82379913330078,0.9111911058425903,15300,0.6927257776260376,Cammeo
16582,532.3579711914062,223.3588409423828,95.74971771240234,0.9034558534622192,17089,0.714310348033905,Cammeo
12467,467.20599365234375,199.80615234375,80.19140625,0.9159265160560608,12900,0.7870580554008484,Cammeo
13167,466.66400146484375,197.12506103515625,86.2164077758789,0.8992820978164673,13448,0.5809910297393799,Cammeo
13062,469.42401123046875,200.6288299560547,83.27462005615234,0.9097903370857239,13279,0.6632140278816223,Cammeo
14677,498.7980041503906,209.8741455078125,90.27247619628906,0.9027685523033142,15060,0.6478481292724609,Cammeo
14106,485.5799865722656,199.9210662841797,91.59041595458984,0.8888837099075317,14515,0.5762255191802979,Cammeo
14640,501.3240051269531,210.29159545898438,90.33173370361328,0.903040885925293,15119,0.5865384340286255,Cammeo
12256,470.1080017089844,207.9800567626953,75.71490478515625,0.9313798546791077,12541,0.7383132576942444,Cammeo
14362,479.9309997558594,202.70265197753906,90.70674896240234,0.894290566444397,14606,0.5914669036865234,Cammeo
12091,463.35101318359375,203.59439086914062,76.65410614013672,0.926414966583252,12298,0.7930604815483093,Cammeo
12605,447.6610107421875,183.50119018554688,88.51618957519531,0.875965416431427,12859,0.5957557559013367,Cammeo
14697,495.88299560546875,208.15838623046875,90.96687316894531,0.8994576334953308,15073,0.5949239134788513,Cammeo
14337,501.7659912109375,219.3126678466797,83.44644165039062,0.9247847199440002,14631,0.7431578040122986,Cammeo
13760,474.18798828125,198.3915557861328,89.04605102539062,0.8936122059822083,13989,0.6337509155273438,Cammeo
16022,524.8729858398438,221.5270538330078,93.63528442382812,0.9062784910202026,16545,0.5422363877296448,Cammeo
11510,433.5140075683594,180.38232421875,82.62195587158203,0.8889326453208923,11827,0.7670265436172485,Cammeo
12798,469.2980041503906,202.1654052734375,81.58068084716797,0.914964497089386,13152,0.7803658246994019,Cammeo
13683,481.5710144042969,206.92677307128906,84.89906311035156,0.9119571447372437,13922,0.7621992230415344,Cammeo
14379,495.1510009765625,212.02096557617188,87.81466674804688,0.9101953506469727,14834,0.7907935976982117,Cammeo
13404,468.2149963378906,191.5484161376953,90.53829956054688,0.881242036819458,13804,0.706514835357666,Cammeo
12858,466.1629943847656,198.54737854003906,83.75962829589844,0.9066599607467651,13095,0.5492759346961975,Cammeo
15456,508.8210144042969,214.30441284179688,93.45649719238281,0.8999019265174866,15884,0.7802513837814331,Cammeo
14149,474.9519958496094,195.3551025390625,93.33526611328125,0.8784837126731873,14454,0.605693519115448,Cammeo
13091,473.1520080566406,203.86270141601562,82.55069732666016,0.91434645652771,13451,0.7523563504219055,Cammeo
16403,521.9089965820312,215.15090942382812,98.40094757080078,0.889282763004303,16867,0.5887652635574341,Cammeo
13681,478.5379943847656,202.76107788085938,87.02304077148438,0.9032142162322998,14015,0.6419388055801392,Cammeo
14263,489.4460144042969,205.81178283691406,89.50908660888672,0.9004751443862915,14637,0.6631794571876526,Cammeo
12068,457.739013671875,196.4420623779297,79.54393768310547,0.9143507480621338,12347,0.599503219127655,Cammeo
15710,517.0700073242188,214.75021362304688,95.24736022949219,0.8962613940238953,16259,0.6075959205627441,Cammeo
15545,510.28399658203125,213.4366455078125,93.55502319335938,0.8988156318664551,15909,0.5681651830673218,Cammeo
12720,449.6239929199219,178.61477661132812,92.7516860961914,0.8546020984649658,13095,0.7438596487045288,Cammeo
15073,498.36199951171875,205.8031005859375,93.99627685546875,0.8896057605743408,15476,0.6139214634895325,Cammeo
11771,441.8599853515625,186.99777221679688,81.26961517333984,0.9006226062774658,12109,0.6192655563354492,Cammeo
14873,499.6159973144531,210.27749633789062,91.5836181640625,0.9001708626747131,15195,0.5730302333831787,Cammeo
14092,499.4169921875,210.9630126953125,86.7967300415039,0.911440908908844,14618,0.7729267477989197,Cammeo
14558,496.30499267578125,204.36062622070312,91.95660400390625,0.8930425643920898,14908,0.5694726705551147,Cammeo
13321,473.9930114746094,199.27256774902344,85.9288330078125,0.902250349521637,13758,0.5645687580108643,Cammeo
10796,413.4200134277344,170.78164672851562,80.99688720703125,0.8803785443305969,10980,0.6230378746986389,Cammeo
14444,491.1440124511719,203.50718688964844,91.60269927978516,0.8929679989814758,14773,0.5779449343681335,Cammeo
13313,470.9070129394531,198.21493530273438,86.27212524414062,0.9003118872642517,13560,0.5769697427749634,Cammeo
15578,509.5989990234375,216.90948486328125,92.61865234375,0.9042553305625916,15864,0.8088265657424927,Cammeo
13930,495.27099609375,213.52664184570312,84.43373107910156,0.9184983372688293,14564,0.5496370196342468,Cammeo
12092,449.1889953613281,192.57949829101562,80.42227935791016,0.9086284041404724,12298,0.5839289426803589,Cammeo
13245,476.1369934082031,204.94439697265625,83.15824890136719,0.9139796495437622,13536,0.7996256947517395,Cammeo
14572,497.5509948730469,211.08045959472656,88.70967864990234,0.9074015617370605,14926,0.6265909671783447,Cammeo
12470,455.8970031738281,192.46115112304688,83.3955307006836,0.9012444615364075,12704,0.581297755241394,Cammeo
15777,515.6840209960938,218.6982421875,93.20509338378906,0.9046378135681152,16111,0.5671915411949158,Cammeo
14435,491.90399169921875,207.46263122558594,89.70562744140625,0.9016847014427185,14842,0.5779779553413391,Cammeo
12745,470.3039855957031,205.09268188476562,79.50904083251953,0.9217966794967651,12940,0.5331743359565735,Cammeo
13533,473.9320068359375,196.1175537109375,88.91679382324219,0.891314685344696,13897,0.6045566201210022,Cammeo
12551,459.72900390625,197.68234252929688,81.57028198242188,0.9108973145484924,12741,0.8189351558685303,Cammeo
14078,478.4700012207031,203.6454620361328,88.56031036376953,0.9004908800125122,14280,0.7443950772285461,Cammeo
13057,460.1679992675781,187.12847900390625,90.31277465820312,0.875827431678772,13385,0.7507906556129456,Cammeo
14824,499.07501220703125,212.48641967773438,89.89486694335938,0.906100869178772,15141,0.5791982412338257,Cammeo
14189,491.9729919433594,209.93643188476562,86.80909729003906,0.9105032682418823,14496,0.5509863495826721,Cammeo
15418,504.7590026855469,209.9239959716797,94.43704986572266,0.8930975794792175,15779,0.5826908349990845,Cammeo
14828,493.5,209.903564453125,90.66991424560547,0.9018928408622742,15090,0.6065117716789246,Cammeo
11774,447.9330139160156,186.01792907714844,81.67400360107422,0.8984552025794983,12103,0.5600266456604004,Cammeo
13335,469.7139892578125,199.29722595214844,85.91238403320312,0.9023153185844421,13657,0.6167899966239929,Cammeo
11350,445.8210144042969,195.95208740234375,74.59088134765625,0.9247155785560608,11544,0.5842986106872559,Cammeo
13484,480.7860107421875,204.2075958251953,84.90129089355469,0.9094744920730591,13827,0.6585592031478882,Cammeo
13189,482.36700439453125,203.71743774414062,84.41487121582031,0.910107433795929,13635,0.5963555574417114,Cammeo
12495,458.4070129394531,187.6042022705078,87.02569580078125,0.8858984112739563,12993,0.6749311089515686,Cammeo
12712,470.56201171875,202.1971435546875,81.3008804321289,0.915601372718811,13053,0.8148717880249023,Cammeo
13446,475.12799072265625,198.69955444335938,87.3792953491211,0.8981173634529114,13765,0.5757225155830383,Cammeo
14294,514.4769897460938,226.4072723388672,81.59251403808594,0.9328058362007141,14731,0.511011004447937,Cammeo
12158,447.37701416015625,184.09530639648438,84.91305541992188,0.8872727751731873,12467,0.6315844058990479,Cammeo
13918,489.0400085449219,207.88174438476562,86.49022674560547,0.9093394875526428,14263,0.7187564373016357,Cammeo
13502,473.0119934082031,198.1473846435547,88.03559112548828,0.8958812952041626,13778,0.753880500793457,Cammeo
13314,474.0870056152344,203.94801330566406,83.662841796875,0.9119881391525269,13627,0.7471380233764648,Cammeo
14226,492.19500732421875,207.01956176757812,88.36334228515625,0.9043291807174683,14465,0.5791401863098145,Cammeo
12916,471.1960144042969,201.00291442871094,82.65473937988281,0.9115399122238159,13199,0.557036280632019,Cammeo
13372,470.40301513671875,196.0814666748047,88.7110824584961,0.8918052315711975,13745,0.5836243033409119,Cammeo
14314,484.7309875488281,206.86553955078125,88.56289672851562,0.9037227630615234,14536,0.7533684372901917,Cammeo
13567,475.1709899902344,197.294677734375,88.9129409790039,0.8926953673362732,13940,0.6376968026161194,Cammeo
14602,500.2330017089844,218.48805236816406,85.67758178710938,0.9199061989784241,14827,0.583636462688446,Cammeo
11846,445.8909912109375,192.9521942138672,78.47179412841797,0.9135660529136658,12010,0.5779664516448975,Cammeo
14482,486.1629943847656,201.8145294189453,92.54988098144531,0.8886485695838928,14825,0.6425592303276062,Cammeo
12886,455.51800537109375,189.85989379882812,87.49918365478516,0.8874719142913818,13080,0.5922963619232178,Cammeo
11718,449.343994140625,189.1406707763672,80.11981964111328,0.9058497548103333,12133,0.6305423974990845,Cammeo
13790,479.29998779296875,198.9013214111328,90.13603210449219,0.891424298286438,14190,0.5869084000587463,Cammeo
14379,494.3030090332031,205.52626037597656,90.39722442626953,0.8980796337127686,14768,0.5788647532463074,Cammeo
11931,445.10101318359375,187.92051696777344,82.14220428466797,0.8994073867797852,12174,0.6481420993804932,Cammeo
12732,465.4909973144531,192.45367431640625,85.18263244628906,0.8967124223709106,13105,0.569970428943634,Cammeo
12044,449.1669921875,188.36325073242188,82.49445343017578,0.8989973664283752,12342,0.5683813095092773,Cammeo
14256,492.927001953125,209.80320739746094,87.69036865234375,0.908463180065155,14730,0.7022660374641418,Cammeo
14283,482.697998046875,202.36563110351562,90.6138916015625,0.8941472172737122,14595,0.6364973187446594,Cammeo
11852,446.0769958496094,192.0542755126953,79.09918975830078,0.9112477898597717,12029,0.7169994115829468,Cammeo
13204,473.8160095214844,203.774658203125,83.10990142822266,0.9130480289459229,13430,0.5930650234222412,Cammeo
13615,468.0559997558594,192.82778930664062,91.15475463867188,0.8812093138694763,13855,0.5836334228515625,Cammeo
13309,460.9219970703125,191.4629669189453,88.95413970947266,0.8855194449424744,13540,0.6537479162216187,Cammeo
12736,447.8699951171875,182.77117919921875,89.68170928955078,0.8713412880897522,12964,0.7527186870574951,Cammeo
14184,479.2340087890625,197.4643096923828,92.07521057128906,0.8846330642700195,14537,0.60383141040802,Cammeo
14792,499.2030029296875,206.16061401367188,92.68034362792969,0.8932531476020813,15326,0.6946883797645569,Cammeo
10937,424.58599853515625,177.16705322265625,79.75700378417969,0.8929380178451538,11103,0.5952109098434448,Cammeo
14011,493.8789978027344,212.63031005859375,85.02820587158203,0.9165642261505127,14336,0.6279861927032471,Cammeo
13487,477.2539978027344,205.04571533203125,84.28226470947266,0.9116167426109314,13772,0.7373571991920471,Cammeo
13115,461.0360107421875,195.01873779296875,86.7828369140625,0.8955318331718445,13381,0.738457202911377,Cammeo
14518,491.22198486328125,203.7610626220703,92.3428955078125,0.8914129137992859,14877,0.7413194179534912,Cammeo
10610,410.5060119628906,171.1561737060547,79.34595489501953,0.8860508799552917,10769,0.8251030445098877,Cammeo
13173,467.47601318359375,194.67645263671875,87.36396026611328,0.8936498761177063,13443,0.5731627941131592,Cammeo
14232,492.5459899902344,205.02694702148438,89.5580825805664,0.8995531797409058,14620,0.7151758670806885,Cammeo
12888,467.197998046875,199.1564178466797,83.28892517089844,0.9083510041236877,13222,0.7258391380310059,Cammeo
14300,504.37701416015625,212.59837341308594,87.49030303955078,0.911396861076355,14772,0.5404384136199951,Cammeo
13446,476.0419921875,200.05267333984375,86.5904769897461,0.9014715552330017,13814,0.6039345860481262,Cammeo
14250,486.1239929199219,201.21893310546875,91.9398193359375,0.8895106911659241,14636,0.5936757922172546,Cammeo
13634,491.17999267578125,209.13352966308594,83.73373413085938,0.9163474440574646,14075,0.7879102826118469,Cammeo
15752,519.8889770507812,216.70204162597656,94.21913146972656,0.9005335569381714,16426,0.6012213826179504,Cammeo
14892,503.3389892578125,209.6208953857422,91.80297088623047,0.8990005254745483,15338,0.6556597352027893,Cammeo
13636,482.0530090332031,202.40467834472656,86.88379669189453,0.9031819701194763,13982,0.5840078592300415,Cammeo
13548,479.7489929199219,203.27188110351562,85.60246276855469,0.9070035219192505,13850,0.5544279217720032,Cammeo
13655,477.6260070800781,203.95603942871094,86.22283172607422,0.9062454104423523,13857,0.7378289103507996,Cammeo
14974,498.625,210.9239501953125,90.90399932861328,0.9023615121841431,15212,0.6409005522727966,Cammeo
14695,506.9159851074219,214.10552978515625,88.91370391845703,0.909693717956543,15086,0.5466076731681824,Cammeo
15080,512.9459838867188,211.92611694335938,92.14079284667969,0.9005377292633057,15533,0.5667681694030762,Cammeo
15977,516.208984375,216.75784301757812,94.9293441772461,0.8989987373352051,16401,0.6275087594985962,Cammeo
13380,469.177001953125,190.81332397460938,91.01315307617188,0.8789169192314148,13747,0.6196165680885315,Cammeo
12006,463.3810119628906,198.9684295654297,77.81851959228516,0.9203439950942993,12344,0.5350267291069031,Cammeo
14275,485.7879943847656,206.4619140625,88.92573547363281,0.902489185333252,14469,0.5475642681121826,Cammeo
15469,514.906982421875,221.01834106445312,89.76701354980469,0.9138056039810181,15860,0.5417833924293518,Cammeo
13436,467.9590148925781,195.02281188964844,89.14904022216797,0.8894044756889343,13798,0.7960658669471741,Cammeo
13147,468.9200134277344,199.22775268554688,84.48080444335938,0.9056428074836731,13431,0.6847395896911621,Cammeo
13912,480.8429870605469,206.90704345703125,86.2638168334961,0.9089428782463074,14107,0.806259036064148,Cammeo
15153,514.4039916992188,218.09231567382812,90.05229187011719,0.9107722640037537,15628,0.680850088596344,Cammeo
11965,455.8179931640625,196.161865234375,78.4288101196289,0.9165950417518616,12247,0.659446656703949,Cammeo
10727,425.9020080566406,178.7144317626953,77.53144073486328,0.9009953737258911,10960,0.5643413066864014,Cammeo
13636,481.2560119628906,203.92857360839844,86.18013763427734,0.9063165187835693,13888,0.5497057437896729,Cammeo
13650,475.24200439453125,199.32608032226562,87.9747085571289,0.8973297476768494,13859,0.5721351504325867,Cammeo
14284,499.9150085449219,213.1660614013672,86.92615509033203,0.9130774736404419,14678,0.7045824527740479,Cammeo
13654,477.92999267578125,199.3771514892578,87.6778335571289,0.8981159925460815,13914,0.5757537484169006,Cammeo
14828,494.2879943847656,202.1031494140625,95.03462219238281,0.8825448155403137,15197,0.5917943716049194,Cammeo
13787,474.3380126953125,194.6946258544922,91.07733154296875,0.883836567401886,14075,0.6161787509918213,Cammeo
12744,467.92498779296875,200.61216735839844,81.70650482177734,0.9133006930351257,13047,0.7145099639892578,Cammeo
15149,509.1369934082031,214.00746154785156,91.28372955322266,0.9044665098190308,15516,0.7071042060852051,Cammeo
13728,488.10198974609375,208.97412109375,84.64085388183594,0.9143032431602478,14052,0.557935357093811,Cammeo
12386,467.8500061035156,201.90130615234375,79.30883026123047,0.9196196794509888,12679,0.7918424606323242,Cammeo
14753,494.85198974609375,212.10301208496094,89.36529541015625,0.9069075584411621,15051,0.816888153553009,Cammeo
12924,474.42401123046875,203.01992797851562,81.82215881347656,0.9151888489723206,13150,0.5357320308685303,Cammeo
14761,499.510986328125,210.79876708984375,90.55553436279297,0.9030274152755737,15197,0.6583266258239746,Cammeo
13513,473.1029968261719,196.27908325195312,89.51602935791016,0.889946460723877,13867,0.7493899464607239,Cammeo
15868,519.5289916992188,219.17892456054688,93.26964569091797,0.9049391150474548,16281,0.5712639689445496,Cammeo
14755,510.13800048828125,218.69915771484375,86.8123550415039,0.9178407788276672,15025,0.5333260893821716,Cammeo
11141,431.92498779296875,181.2401123046875,79.11578369140625,0.8996922969818115,11372,0.790646493434906,Cammeo
14814,503.14801025390625,217.25677490234375,88.17826843261719,0.9139302968978882,15110,0.5451133251190186,Cammeo
12153,451.21099853515625,187.76919555664062,83.64883422851562,0.8952881097793579,12497,0.7064875960350037,Cammeo
14026,494.6029968261719,212.81454467773438,84.92227172851562,0.9169319868087769,14267,0.5463965535163879,Cammeo
14269,501.0400085449219,214.6693572998047,85.64315795898438,0.9169710278511047,14733,0.700009822845459,Cammeo
11999,465.6579895019531,194.7842559814453,80.43824005126953,0.9107488393783569,12364,0.5370121598243713,Cammeo
13932,495.52801513671875,213.34854125976562,84.32090759277344,0.918583869934082,14297,0.5548387169837952,Cammeo
11733,436.260009765625,182.88922119140625,82.62609100341797,0.8921282887458801,11955,0.6866222023963928,Cammeo
14321,490.42498779296875,204.28038024902344,90.68297576904297,0.8960692882537842,14622,0.573872983455658,Cammeo
13637,482.510986328125,205.19894409179688,85.42422485351562,0.9092275500297546,13952,0.5566122531890869,Cammeo
13803,492.02099609375,207.04994201660156,87.1841049194336,0.907024621963501,14174,0.5691489577293396,Cammeo
13533,469.5320129394531,192.3960418701172,91.23041534423828,0.8804277181625366,13954,0.621606707572937,Cammeo
12892,482.6300048828125,204.59776306152344,82.35201263427734,0.915416955947876,13376,0.6512426733970642,Cammeo
14960,496.9280090332031,209.6621551513672,91.68534088134766,0.8993154764175415,15198,0.7601625919342041,Cammeo
16603,513.5230102539062,213.520263671875,99.96153259277344,0.8836439847946167,16922,0.6089045405387878,Cammeo
15676,509.2239990234375,212.90774536132812,94.76166534423828,0.8954892158508301,16009,0.5746334195137024,Cammeo
14136,488.9679870605469,203.39065551757812,89.7869873046875,0.8972854018211365,14475,0.5920589566230774,Cammeo
12758,456.63800048828125,190.36831665039062,86.16264343261719,0.891708493232727,13177,0.7033463716506958,Cammeo
16608,516.0919799804688,207.67137145996094,103.35087585449219,0.8673690557479858,17111,0.6967611908912659,Cammeo
12318,448.6860046386719,187.7010040283203,84.14411926269531,0.8938891291618347,12579,0.5826868414878845,Cammeo
11068,419.92999267578125,174.13009643554688,81.8095474243164,0.8827630281448364,11242,0.6039177179336548,Cammeo
14235,505.8450012207031,214.15660095214844,87.47984313964844,0.912764847278595,14687,0.6825700998306274,Cammeo
13117,460.5740051269531,192.40406799316406,87.62899017333984,0.8902652263641357,13575,0.784509539604187,Cammeo
13562,474.218994140625,194.61276245117188,90.66897583007812,0.8848403692245483,13871,0.7133389711380005,Cammeo
14897,509.6310119628906,219.6719207763672,87.50059509277344,0.9172447919845581,15330,0.7136629223823547,Cammeo
13662,466.74798583984375,191.40512084960938,91.91515350341797,0.877152144908905,13875,0.5874612927436829,Cammeo
11694,432.97698974609375,181.48440551757812,82.97145080566406,0.8893730044364929,11893,0.7639142870903015,Cammeo
15151,496.1929931640625,207.93148803710938,93.96302032470703,0.892071545124054,15547,0.7613950371742249,Cammeo
12597,451.5429992675781,189.60536193847656,85.23102569580078,0.893271267414093,12858,0.6815451979637146,Cammeo
13923,488.7080078125,209.73745727539062,85.71607971191406,0.9126765131950378,14165,0.5342260599136353,Cammeo
15323,487.8659973144531,192.2308349609375,102.96282958984375,0.8444586396217346,15769,0.7136934995651245,Cammeo
14390,497.91900634765625,216.37559509277344,85.1957015991211,0.9192219376564026,14586,0.5379037261009216,Cammeo
14952,488.6300048828125,203.00296020507812,94.55452728271484,0.8849010467529297,15187,0.6156126260757446,Cammeo
14419,491.6709899902344,203.912353515625,91.03684997558594,0.8948081731796265,14906,0.6278138160705566,Cammeo
12556,474.02398681640625,207.9544219970703,77.71006774902344,0.9275544881820679,12832,0.5648223161697388,Cammeo
14658,486.1789855957031,201.88653564453125,93.20777130126953,0.8870444893836975,14892,0.6482971906661987,Cammeo
12907,466.239990234375,194.46926879882812,85.91094970703125,0.8971276879310608,13268,0.6354058980941772,Cammeo
14838,500.1619873046875,211.9825439453125,90.94657135009766,0.9032909274101257,15165,0.7864108681678772,Cammeo
15681,507.6969909667969,207.02450561523438,97.75848388671875,0.8814875483512878,16088,0.6925013065338135,Cammeo
14734,507.28399658203125,217.82444763183594,86.65876007080078,0.9174558520317078,15039,0.6813725233078003,Cammeo
15607,505.90301513671875,208.01101684570312,96.8890380859375,0.8848963379859924,16030,0.7249965071678162,Cammeo
15292,510.4830017089844,219.65902709960938,89.13313293457031,0.9139710068702698,15511,0.5431941151618958,Cammeo
11577,431.156005859375,178.8362579345703,83.40615844726562,0.8845829963684082,11810,0.7560736536979675,Cammeo
13174,480.5769958496094,203.50645446777344,83.42044067382812,0.9121235013008118,13606,0.5494661331176758,Cammeo
14305,491.1610107421875,207.8712921142578,88.60971069335938,0.9045950174331665,14633,0.5795251727104187,Cammeo
14547,491.04400634765625,206.65707397460938,90.17514038085938,0.8997762203216553,14780,0.593222439289093,Cammeo
11794,430.3800048828125,178.4458465576172,84.78594207763672,0.8799126744270325,12056,0.7529366612434387,Cammeo
12004,449.0350036621094,186.64852905273438,83.41326904296875,0.8945838212966919,12417,0.7581154704093933,Cammeo
15285,495.8389892578125,206.3328857421875,94.79103088378906,0.8882251977920532,15517,0.6688692569732666,Cammeo
14385,496.9779968261719,214.26954650878906,86.03324127197266,0.915850818157196,14604,0.7762668132781982,Cammeo
14034,491.73199462890625,205.50511169433594,88.35205841064453,0.9028639793395996,14448,0.5559120774269104,Cammeo
13399,490.55999755859375,209.36595153808594,82.76702117919922,0.9185425043106079,13654,0.5170963406562805,Cammeo
14960,510.72900390625,218.369873046875,88.05952453613281,0.9150860905647278,15235,0.5782759785652161,Cammeo
13811,485.69000244140625,209.27276611328125,85.2002944946289,0.9133721590042114,14083,0.6906190514564514,Cammeo
17564,527.1160278320312,221.60293579101562,101.65879821777344,0.8885689973831177,17808,0.7711626291275024,Cammeo
14680,495.4440002441406,206.75375366210938,91.29646301269531,0.8972263336181641,15091,0.6115902066230774,Cammeo
14180,485.1709899902344,204.107177734375,89.36077880859375,0.8990660905838013,14471,0.6198094487190247,Cammeo
13387,464.64300537109375,192.3996124267578,90.31411743164062,0.8829808235168457,13746,0.7535179853439331,Cammeo
15611,506.5469970703125,215.2007293701172,93.39228820800781,0.9009236693382263,15806,0.7321889400482178,Cammeo
12426,451.0889892578125,185.19102478027344,87.46067810058594,0.8814524412155151,12779,0.6245790123939514,Cammeo
14196,499.2300109863281,210.18011474609375,87.10346984863281,0.9100843667984009,14509,0.6188586950302124,Cammeo
12609,475.3599853515625,202.75440979003906,81.27371978759766,0.9161445498466492,13210,0.7069410085678101,Cammeo
14750,484.1520080566406,201.24700927734375,94.8591537475586,0.8819425702095032,14967,0.7806711196899414,Cammeo
15290,500.18798828125,204.1533660888672,96.6903305053711,0.8807314038276672,15605,0.7889577150344849,Cammeo
15879,517.927001953125,216.65013122558594,94.65620422363281,0.899506151676178,16484,0.6877598762512207,Cammeo
14330,493.18499755859375,209.76731872558594,87.8989486694336,0.9079720377922058,14701,0.6195952892303467,Cammeo
14155,480.5220031738281,200.54673767089844,91.05967712402344,0.8909725546836853,14462,0.7221938967704773,Cammeo
13939,484.39300537109375,207.02627563476562,86.22347259521484,0.9091423153877258,14233,0.6424686312675476,Cammeo
12488,469.8280029296875,200.74375915527344,80.0468521118164,0.917059063911438,12932,0.7446630597114563,Cammeo
13447,455.64801025390625,183.95758056640625,94.45813751220703,0.8581028580665588,13867,0.6259076595306396,Osmancik
13233,459.8590087890625,192.59071350097656,88.34671783447266,0.8885768055915833,13436,0.5887351632118225,Osmancik
12538,452.6600036621094,188.80528259277344,86.1097183227539,0.8899403810501099,12846,0.6841645836830139,Osmancik
11881,439.18499755859375,183.8895263671875,83.34947204589844,0.891379177570343,12097,0.5828304886817932,Osmancik
11750,428.375,178.55361938476562,84.70418548583984,0.8803143501281738,11869,0.6086821556091309,Osmancik
13700,455.625,185.9585418701172,94.56549072265625,0.8610442876815796,13893,0.6145151257514954,Osmancik
12121,439.8420104980469,183.46702575683594,84.764404296875,0.886872410774231,12389,0.6487368941307068,Osmancik
12148,434.3070068359375,177.47769165039062,88.51750183105469,0.8667442202568054,12437,0.7550500631332397,Osmancik
12675,456.572998046875,186.80682373046875,88.42378234863281,0.8808779716491699,13098,0.6138609051704407,Osmancik
12432,453.0400085449219,190.5436553955078,84.25045776367188,0.8969370126724243,12728,0.7657530307769775,Osmancik
10982,421.4100036621094,177.80026245117188,78.93739318847656,0.8960433006286621,11167,0.5940712094306946,Osmancik
11672,430.6419982910156,177.94815063476562,84.6797866821289,0.8795168399810791,11849,0.5974611043930054,Osmancik
12546,442.0660095214844,184.26483154296875,87.304931640625,0.8806317448616028,12744,0.6788961291313171,Osmancik
12357,452.9830017089844,189.57810974121094,84.28502655029297,0.8957328796386719,12666,0.6466248035430908,Osmancik
11455,405.6189880371094,159.5702667236328,92.32996368408203,0.8155998587608337,11639,0.7761892080307007,Osmancik
13054,478.4530029296875,203.21963500976562,83.08084869384766,0.9126137495040894,13329,0.7998774647712708,Osmancik
12233,425.1809997558594,170.94610595703125,92.01290893554688,0.8427808284759521,12388,0.6427595615386963,Osmancik
13518,451.1629943847656,185.55758666992188,93.29590606689453,0.8644104599952698,13741,0.7818391919136047,Osmancik
11605,429.2250061035156,175.01449584960938,85.50439453125,0.8725324869155884,11933,0.6097624897956848,Osmancik
13010,463.41900634765625,194.76756286621094,86.11576843261719,0.8969429135322571,13349,0.7769483327865601,Osmancik
12293,442.052001953125,180.37217712402344,88.52130889892578,0.8712890148162842,12607,0.6020668148994446,Osmancik
11903,433.7130126953125,180.90603637695312,84.3602523803711,0.8846156597137451,12104,0.6864475011825562,Osmancik
11136,427.1099853515625,175.653076171875,81.91877746582031,0.8845914006233215,11474,0.5743759274482727,Osmancik
10681,421.2560119628906,178.36944580078125,77.96080780029297,0.8994250893592834,10929,0.5571726560592651,Osmancik
13333,467.0249938964844,196.7969970703125,87.27310943603516,0.8962903618812561,13589,0.6944270730018616,Osmancik
11438,433.9179992675781,178.3515625,83.54765319824219,0.8834933638572693,11767,0.74301677942276,Osmancik
11480,419.10699462890625,170.62240600585938,86.62786865234375,0.8615239858627319,11674,0.7854406237602234,Osmancik
12725,441.67999267578125,170.23275756835938,97.73902893066406,0.8187506198883057,13081,0.641219437122345,Osmancik
11715,439.7030029296875,183.2227325439453,82.48322296142578,0.8929377794265747,11948,0.6044891476631165,Osmancik
12659,453.76800537109375,188.04029846191406,86.7074966430664,0.8873423337936401,12887,0.664340078830719,Osmancik
11201,423.281005859375,175.0401611328125,83.43683624267578,0.8790809512138367,11386,0.592645525932312,Osmancik
11382,418.33599853515625,169.88296508789062,86.66008758544922,0.8601053953170776,11575,0.6200021505355835,Osmancik
12388,440.4490051269531,175.24246215820312,92.2320785522461,0.8502919673919678,12753,0.6134799122810364,Osmancik
13078,452.9909973144531,183.97897338867188,91.69001007080078,0.8669632077217102,13385,0.7327431440353394,Osmancik
10774,401.74200439453125,164.3202362060547,83.7188720703125,0.860478937625885,10944,0.66179358959198,Osmancik
12408,454.3909912109375,191.8965301513672,83.03347778320312,0.9015383720397949,12664,0.5839058756828308,Osmancik
12345,440.1960144042969,180.38937377929688,88.1568603515625,0.8724501132965088,12591,0.7336859703063965,Osmancik
10286,401.78900146484375,159.0746612548828,83.59862518310547,0.8507745862007141,10524,0.7701407670974731,Osmancik
12340,466.7430114746094,196.69354248046875,80.84041595458984,0.9116367697715759,12774,0.7444947361946106,Osmancik
14723,490.7090148925781,205.41712951660156,92.4997329711914,0.8928763270378113,15013,0.5701947808265686,Osmancik
11042,411.62298583984375,168.3597412109375,84.19003295898438,0.8659905195236206,11217,0.791881799697876,Osmancik
13335,474.37701416015625,197.83990478515625,87.5825424194336,0.8966727256774902,13702,0.6670168042182922,Osmancik
12274,441.8529968261719,179.85391235351562,87.76013946533203,0.8728702664375305,12587,0.6159791350364685,Osmancik
11358,430.7919921875,177.45648193359375,82.11936950683594,0.8864847421646118,11546,0.7503964304924011,Osmancik
12289,444.55499267578125,186.3528594970703,84.85929870605469,0.890302836894989,12448,0.7676786780357361,Osmancik
12900,461.83599853515625,195.3451385498047,84.57197570800781,0.9014245867729187,13160,0.591797411441803,Osmancik
12288,437.8219909667969,179.18795776367188,88.10448455810547,0.8707717061042786,12498,0.8027175068855286,Osmancik
12466,439.1830139160156,177.4193115234375,90.0172119140625,0.8617283701896667,12707,0.6098825931549072,Osmancik
11380,423.614990234375,172.17388916015625,85.65729522705078,0.8674613833427429,11620,0.6731736063957214,Osmancik
12016,443.2229919433594,189.28106689453125,81.1222152709961,0.9035034775733948,12186,0.7465672492980957,Osmancik
9431,383.9590148925781,159.65594482421875,75.79572296142578,0.8801238536834717,9556,0.7755756378173828,Osmancik
11413,421.9530029296875,171.32528686523438,85.99931335449219,0.8648878931999207,11688,0.6993259787559509,Osmancik
11108,416.8340148925781,166.3365936279297,86.45924377441406,0.8542971611022949,11420,0.6800122261047363,Osmancik
12994,453.9410095214844,192.16598510742188,86.55552673339844,0.8928164839744568,13152,0.8141604065895081,Osmancik
10862,412.4259948730469,167.38694763183594,83.53160095214844,0.866582989692688,11050,0.6721534729003906,Osmancik
11883,429.1310119628906,171.33428955078125,89.82450866699219,0.8515554070472717,12179,0.7636398673057556,Osmancik
12673,441.7139892578125,177.02992248535156,92.58748626708984,0.8523297905921936,12950,0.6217741370201111,Osmancik
12921,449.48699951171875,181.03468322753906,92.02006530761719,0.8611796498298645,13209,0.623871386051178,Osmancik
10685,416.7170104980469,173.275146484375,79.70606994628906,0.8879203796386719,10871,0.7066798806190491,Osmancik
10267,424.9490051269531,182.40911865234375,72.5378646850586,0.917530357837677,10455,0.5474273562431335,Osmancik
12042,441.80999755859375,182.17674255371094,85.04359436035156,0.8843528032302856,12302,0.6408045887947083,Osmancik
11465,410.5150146484375,160.70632934570312,92.14432525634766,0.8192959427833557,11706,0.7575657367706299,Osmancik
11592,428.427001953125,177.6215057373047,83.73834991455078,0.8818967342376709,11764,0.7527272701263428,Osmancik
12110,448.8399963378906,191.8042755126953,80.65459442138672,0.9072903990745544,12313,0.6178571581840515,Osmancik
11077,417.3219909667969,175.95758056640625,80.57662963867188,0.8889871835708618,11246,0.6713333129882812,Osmancik
11539,434.34100341796875,178.92832946777344,83.03778076171875,0.8857911825180054,11788,0.7086097002029419,Osmancik
12526,439.22198486328125,178.21603393554688,90.40444946289062,0.8617845773696899,12819,0.6689452528953552,Osmancik
9967,400.218994140625,167.23887634277344,76.9632339477539,0.8878155946731567,10128,0.6646438837051392,Osmancik
11395,421.9630126953125,169.7467803955078,86.97183227539062,0.8587694764137268,11586,0.6237000823020935,Osmancik
11022,417.2590026855469,168.6112518310547,84.6778793334961,0.8647469878196716,11259,0.607272744178772,Osmancik
12495,451.3169860839844,182.64161682128906,88.68121337890625,0.8742101788520813,12902,0.5906125903129578,Osmancik
11545,431.1159973144531,174.73683166503906,85.66143798828125,0.8715924620628357,11911,0.6529977321624756,Osmancik
13021,455.97698974609375,185.1043701171875,91.06282043457031,0.8706212043762207,13380,0.7006564736366272,Osmancik
11267,421.8689880371094,170.35621643066406,86.010986328125,0.8631842732429504,11576,0.7407626509666443,Osmancik
11329,414.61700439453125,168.9134979248047,86.12175750732422,0.8602590560913086,11540,0.7841223478317261,Osmancik
12743,435.8179931640625,176.11099243164062,92.47711181640625,0.8510361909866333,12897,0.6320932507514954,Osmancik
11739,434.6289978027344,179.1478271484375,84.45870971679688,0.8818944096565247,12032,0.7758757472038269,Osmancik
11489,432.2070007324219,182.3623809814453,81.07017517089844,0.8957513570785522,11683,0.799068033695221,Osmancik
12059,431.64599609375,171.6719970703125,90.91513061523438,0.8482561111450195,12359,0.6995590925216675,Osmancik
11316,418.54901123046875,170.68569946289062,85.69087982177734,0.8648449778556824,11497,0.6083871126174927,Osmancik
9776,403.6759948730469,170.8800506591797,73.11127471923828,0.9038490653038025,9969,0.6419331431388855,Osmancik
11319,414.0140075683594,164.7808074951172,88.50933074951172,0.843497097492218,11563,0.7466851472854614,Osmancik
10561,405.739013671875,168.9385223388672,80.0907974243164,0.8804804086685181,10709,0.6022468209266663,Osmancik
10640,411.8800048828125,169.39047241210938,81.02848052978516,0.8781675100326538,10901,0.6608695387840271,Osmancik
10030,414.3840026855469,181.60057067871094,70.75994873046875,0.9209646582603455,10152,0.7718946933746338,Osmancik
9746,382.73699951171875,154.09608459472656,81.20333862304688,0.8498865962028503,9935,0.6675342321395874,Osmancik
11990,416.75299072265625,166.58201599121094,91.98353576660156,0.833723783493042,12145,0.6616997718811035,Osmancik
11941,434.8039855957031,174.22988891601562,89.47452545166016,0.8580639362335205,12249,0.7541366815567017,Osmancik
13002,458.3160095214844,187.3974609375,89.5873794555664,0.8783267736434937,13319,0.6763420701026917,Osmancik
10387,400.58099365234375,164.7608642578125,81.01570129394531,0.870755136013031,10536,0.8066319823265076,Osmancik
11462,432.1080017089844,180.28005981445312,81.89021301269531,0.8908799290657043,11725,0.6999267339706421,Osmancik
11955,454.08599853515625,196.8355255126953,78.12479400634766,0.9178601503372192,12127,0.5581232309341431,Osmancik
12571,453.3370056152344,188.70254516601562,86.54855346679688,0.8886166214942932,12847,0.7918241620063782,Osmancik
9760,399.57501220703125,167.36521911621094,75.544921875,0.8923330307006836,10012,0.6138364672660828,Osmancik
12912,459.739013671875,188.73036193847656,88.96232604980469,0.8819341659545898,13205,0.6904813051223755,Osmancik
12358,447.17401123046875,183.46461486816406,87.74208068847656,0.8782233595848083,12586,0.5845789909362793,Osmancik
12556,437.91400146484375,180.21121215820312,89.38488006591797,0.8683221340179443,12735,0.7185944318771362,Osmancik
10335,416.8500061035156,178.7991943359375,74.70861053466797,0.9085227847099304,10504,0.7115318179130554,Osmancik
12387,444.2250061035156,178.0975799560547,90.58177185058594,0.8609985113143921,12753,0.643280029296875,Osmancik
11674,425.0719909667969,175.75723266601562,85.50615692138672,0.8736797571182251,11865,0.644047200679779,Osmancik
12243,449.6809997558594,182.0261993408203,87.13170623779297,0.8779911994934082,12744,0.7785691618919373,Osmancik
11928,427.07501220703125,175.03939819335938,87.81713104248047,0.8650421500205994,12121,0.6277894973754883,Osmancik
12994,457.19000244140625,187.3347930908203,89.40962982177734,0.8787556886672974,13335,0.7635893225669861,Osmancik
11310,424.2179870605469,173.26937866210938,84.4845962524414,0.8730721473693848,11629,0.7111865878105164,Osmancik
10151,420.8999938964844,181.99557495117188,72.0995101928711,0.9181811213493347,10407,0.5216341018676758,Osmancik
11818,433.8280029296875,175.9639129638672,86.7737808227539,0.8699533939361572,12118,0.7149425148963928,Osmancik
11622,425.89300537109375,173.19540405273438,86.71649169921875,0.8656290769577026,11941,0.6035208106040955,Osmancik
10650,407.1610107421875,165.6199951171875,83.14749145507812,0.8648456931114197,10851,0.6155002117156982,Osmancik
10736,416.79998779296875,176.13525390625,78.64362335205078,0.8947858214378357,10930,0.7980969548225403,Osmancik
11893,435.2829895019531,176.6593475341797,87.10894012451172,0.8699783682823181,12243,0.7723228931427002,Osmancik
11866,436.1289978027344,176.12086486816406,87.78805541992188,0.8669164776802063,12210,0.6162235140800476,Osmancik
11168,440.8630065917969,182.7832794189453,79.52693176269531,0.9003876447677612,11628,0.5471023321151733,Osmancik
12405,437.08599853515625,178.09365844726562,89.96076965332031,0.8630422353744507,12615,0.8101488947868347,Osmancik
11327,415.81500244140625,171.68101501464844,84.50090026855469,0.8704837560653687,11497,0.8027639985084534,Osmancik
11533,424.5660095214844,174.2148895263672,85.42398834228516,0.8715329766273499,11773,0.7364622950553894,Osmancik
11658,424.53399658203125,170.7699432373047,88.24642181396484,0.8561326265335083,11963,0.6829925775527954,Osmancik
13259,464.4079895019531,198.21151733398438,85.81574249267578,0.9014177918434143,13445,0.5820456743240356,Osmancik
12031,446.989990234375,178.5896453857422,88.84149169921875,0.8674860000610352,12425,0.5804505944252014,Osmancik
10924,414.31201171875,170.80723571777344,82.64398193359375,0.8751544952392578,11171,0.672825813293457,Osmancik
13388,466.4620056152344,191.9375,90.36680603027344,0.882232666015625,13644,0.7539986371994019,Osmancik
12723,460.8800048828125,185.75474548339844,89.16934967041016,0.8772476315498352,13302,0.674996018409729,Osmancik
12190,440.6820068359375,185.85618591308594,83.88790130615234,0.8923423290252686,12349,0.5839800834655762,Osmancik
9778,395.20001220703125,168.14675903320312,74.49897766113281,0.8964923024177551,9956,0.6205889582633972,Osmancik
12994,460.94500732421875,195.22109985351562,86.21172332763672,0.8972067832946777,13196,0.8153865337371826,Osmancik
12482,448.53900146484375,185.0900421142578,87.2516098022461,0.8819190263748169,12744,0.5926875472068787,Osmancik
12590,463.7760009765625,197.3787384033203,82.68568420410156,0.9080236554145813,12880,0.6065423488616943,Osmancik
10369,402.9830017089844,159.2870330810547,84.89051055908203,0.8461527228355408,10723,0.6375430226325989,Osmancik
10037,395.3399963378906,164.24314880371094,78.49976348876953,0.8783878684043884,10210,0.7648986577987671,Osmancik
10964,417.98699951171875,171.39022827148438,82.60121154785156,0.8761997222900391,11247,0.5966802835464478,Osmancik
12024,436.5260009765625,182.35009765625,84.88275146484375,0.8850513696670532,12235,0.6266416311264038,Osmancik
9753,402.5790100097656,170.6141815185547,73.31348419189453,0.9029701352119446,10028,0.5642138123512268,Osmancik
11350,445.9110107421875,187.85491943359375,78.40882110595703,0.9087273478507996,11771,0.6705660223960876,Osmancik
13693,474.75201416015625,198.11575317382812,89.03109741210938,0.8933360576629639,14050,0.5976344347000122,Osmancik
12140,441.4989929199219,182.43399047851562,85.4981918334961,0.8833824992179871,12358,0.5896065831184387,Osmancik
10249,404.0889892578125,165.6824493408203,80.38426208496094,0.8744194507598877,10486,0.6714491844177246,Osmancik
8813,387.72100830078125,164.17770385742188,68.986083984375,0.907435417175293,9005,0.7373661398887634,Osmancik
11889,426.6470031738281,172.2679901123047,89.44281005859375,0.8546482920646667,12162,0.6115740537643433,Osmancik
10886,409.7380065917969,166.07925415039062,84.13433837890625,0.8621861934661865,11055,0.6803749799728394,Osmancik
9772,392.23699951171875,164.40335083007812,76.18343353271484,0.8861526846885681,9971,0.7833894491195679,Osmancik
11343,416.468994140625,171.67860412597656,84.90172576904297,0.8691555857658386,11492,0.734745442867279,Osmancik
10792,416.6289978027344,171.38180541992188,81.65258026123047,0.8792088031768799,11037,0.5936846733093262,Osmancik
10788,414.9070129394531,169.60159301757812,82.25015258789062,0.8745357990264893,11083,0.6483173370361328,Osmancik
11626,420.78900146484375,168.46971130371094,89.0751953125,0.8487893342971802,11857,0.6363437175750732,Osmancik
9903,398.6679992675781,163.00584411621094,79.13223266601562,0.8742608428001404,10152,0.5944177508354187,Osmancik
10445,405.59600830078125,167.45883178710938,80.50414276123047,0.8768632411956787,10680,0.6338754892349243,Osmancik
9961,397.92999267578125,166.0079803466797,77.44358825683594,0.8845184445381165,10130,0.6279788017272949,Osmancik
10694,405.677001953125,163.3674774169922,84.68367004394531,0.855160653591156,10891,0.7501403093338013,Osmancik
11719,430.5119934082031,175.5174560546875,86.510009765625,0.8700941801071167,12000,0.6993077993392944,Osmancik
12415,445.9949951171875,184.3671875,87.04115295410156,0.8815408945083618,12719,0.6579923629760742,Osmancik
10587,399.635009765625,166.3654327392578,81.32897186279297,0.8723636865615845,10723,0.6373487710952759,Osmancik
11725,427.1400146484375,174.7940216064453,86.76219940185547,0.8681120872497559,11954,0.6342637538909912,Osmancik
11659,429.7149963378906,173.34828186035156,87.54778289794922,0.8630960583686829,11912,0.6087614893913269,Osmancik
10733,402.41900634765625,166.23431396484375,82.70548248291016,0.867450475692749,10876,0.7061184048652649,Osmancik
12215,445.2950134277344,180.9094696044922,87.40585327148438,0.8755393028259277,12448,0.5881078243255615,Osmancik
10727,420.364990234375,174.384521484375,79.60275268554688,0.8897345066070557,11009,0.6706051230430603,Osmancik
11304,419.1809997558594,171.37911987304688,84.67481231689453,0.8694170117378235,11504,0.7209183573722839,Osmancik
11321,424.57598876953125,173.9976348876953,84.7398910522461,0.8733922243118286,11631,0.6218962669372559,Osmancik
10488,416.6090087890625,175.39788818359375,77.31370544433594,0.897610068321228,10720,0.7175697684288025,Osmancik
13002,465.17999267578125,191.29664611816406,87.9218978881836,0.888120710849762,13345,0.7357401251792908,Osmancik
11772,434.08599853515625,183.58831787109375,82.08576965332031,0.8944746255874634,11937,0.6509981751441956,Osmancik
10951,415.1390075683594,173.7579345703125,81.30049133300781,0.8837839961051941,11116,0.6522723436355591,Osmancik
11639,432.3869934082031,178.69485473632812,83.95451354980469,0.8827619552612305,11940,0.5935842394828796,Osmancik
11580,428.7090148925781,173.4880828857422,86.6391830444336,0.8663740754127502,11921,0.7477721571922302,Osmancik
10380,399.177001953125,164.590576171875,80.95957946777344,0.8706603646278381,10630,0.7064107656478882,Osmancik
11329,419.4049987792969,173.3904571533203,84.3458251953125,0.8737083077430725,11560,0.803247332572937,Osmancik
11528,433.3479919433594,182.11395263671875,81.49728393554688,0.8942803740501404,11777,0.7853931188583374,Osmancik
9428,398.9200134277344,164.8453826904297,74.65758514404297,0.8915640711784363,9760,0.6767154932022095,Osmancik
11480,422.54901123046875,171.27105712890625,86.8359603881836,0.8619408011436462,11781,0.6482213735580444,Osmancik
10737,414.47198486328125,170.45758056640625,81.1702880859375,0.8793421387672424,10986,0.6117948889732361,Osmancik
11144,410.343994140625,164.0940704345703,87.66368103027344,0.8453402519226074,11378,0.6338300704956055,Osmancik
11696,443.52801513671875,186.5877227783203,80.95197296142578,0.9009827971458435,11952,0.739130437374115,Osmancik
11226,413.54998779296875,168.53347778320312,85.62770080566406,0.8613126277923584,11424,0.7723957896232605,Osmancik
12478,439.22198486328125,176.3439483642578,91.28974914550781,0.8555743098258972,12754,0.6358216404914856,Osmancik
12756,442.9750061035156,177.98634338378906,92.229248046875,0.8552706241607666,13028,0.7037404775619507,Osmancik
11769,426.30999755859375,176.11459350585938,85.90213775634766,0.8729762434959412,11928,0.7911933064460754,Osmancik
11962,440.5450134277344,181.72340393066406,85.19718170166016,0.8832889795303345,12283,0.6228586435317993,Osmancik
12734,462.2330017089844,188.1563720703125,87.74284362792969,0.884611189365387,13069,0.5852022171020508,Osmancik
10765,413.677001953125,164.79502868652344,84.79120635986328,0.857475221157074,11127,0.6087079644203186,Osmancik
10926,416.2229919433594,173.41998291015625,80.86934661865234,0.8846156597137451,11113,0.6323648691177368,Osmancik
11080,429.4179992675781,175.21588134765625,82.17780303955078,0.8831934332847595,11277,0.5695486664772034,Osmancik
10536,412.5069885253906,162.7202911376953,84.62435150146484,0.8541295528411865,10974,0.6859375238418579,Osmancik
10066,413.2829895019531,177.30690002441406,73.48820495605469,0.9100634455680847,10262,0.5464118719100952,Osmancik
11398,431.739990234375,179.46734619140625,81.84264373779297,0.8899639844894409,11627,0.5940170884132385,Osmancik
11363,416.04998779296875,168.4384765625,86.90823364257812,0.856610119342804,11594,0.6302623748779297,Osmancik
11074,426.5249938964844,182.83189392089844,77.69914245605469,0.9052046537399292,11291,0.7448210716247559,Osmancik
10612,413.8559875488281,169.87916564941406,80.89677429199219,0.8793359994888306,10924,0.6719858050346375,Osmancik
10846,418.85198974609375,172.20677185058594,81.69290161132812,0.8803156018257141,11069,0.6827394962310791,Osmancik
12275,454.6929931640625,181.8712921142578,87.00899505615234,0.8781367540359497,12709,0.6926810145378113,Osmancik
13111,467.6210021972656,193.56771850585938,88.06787109375,0.8905057907104492,13456,0.619173526763916,Osmancik
11327,423.1679992675781,169.2954559326172,86.5684585571289,0.8593752384185791,11657,0.7199974656105042,Osmancik
10831,425.60101318359375,182.23545837402344,76.19515991210938,0.9083946943283081,11017,0.5886412858963013,Osmancik
10878,423.7929992675781,179.84693908691406,77.79789733886719,0.9015963673591614,11015,0.5801600217819214,Osmancik
11166,414.8900146484375,165.73878479003906,87.03055572509766,0.8510363698005676,11478,0.6709530353546143,Osmancik
11280,420.10101318359375,170.6703643798828,85.49736785888672,0.8654760718345642,11582,0.6431748270988464,Osmancik
8810,384.74700927734375,164.35394287109375,68.90158081054688,0.907881498336792,8987,0.5875683426856995,Osmancik
12742,446.8110046386719,180.0201416015625,91.0481185913086,0.8626705408096313,12954,0.7910846471786499,Osmancik
10724,421.697998046875,168.3685302734375,83.7353286743164,0.8675593733787537,10988,0.5944567918777466,Osmancik
11277,417.97698974609375,166.91297912597656,87.66714477539062,0.8509624004364014,11597,0.6426007151603699,Osmancik
11000,413.260986328125,167.33331298828125,84.73780059814453,0.8622979521751404,11158,0.7936508059501648,Osmancik
11678,423.6759948730469,173.4139404296875,86.46707153320312,0.8668226599693298,11839,0.6211041212081909,Osmancik
11679,439.1860046386719,181.42677307128906,83.5256576538086,0.8877208232879639,11949,0.5674927234649658,Osmancik
10756,420.08599853515625,170.6370849609375,81.58211517333984,0.8783037662506104,10957,0.5949773192405701,Osmancik
10271,415.53900146484375,177.82223510742188,74.39627838134766,0.9082746505737305,10422,0.5660824775695801,Osmancik
11740,440.5639953613281,181.2036895751953,83.45518493652344,0.8876285552978516,12030,0.5790096521377563,Osmancik
10150,405.3559875488281,169.0958251953125,76.93233489990234,0.8905103802680969,10358,0.6360446214675903,Osmancik
10691,407.0870056152344,163.291748046875,84.58920288085938,0.855365514755249,10921,0.6121035218238831,Osmancik
11756,438.7749938964844,184.13534545898438,82.26663970947266,0.8946475386619568,11969,0.6567597985267639,Osmancik
12504,445.5870056152344,182.37852478027344,88.6329574584961,0.8739679455757141,12781,0.7988755702972412,Osmancik
11440,425.8160095214844,170.72097778320312,87.25543975830078,0.8595214486122131,11750,0.6650776267051697,Osmancik
10943,411.385986328125,171.01792907714844,82.0599594116211,0.8773601055145264,11155,0.6247787475585938,Osmancik
12840,454.4049987792969,184.815185546875,89.92162322998047,0.8736533522605896,13185,0.7266553640365601,Osmancik
11546,429.52398681640625,175.65869140625,84.90682220458984,0.875420331954956,11757,0.6063120365142822,Osmancik
10774,428.79998779296875,179.6996612548828,77.9217529296875,0.9010947942733765,11033,0.7165469527244568,Osmancik
11392,427.5719909667969,173.07945251464844,85.3546371459961,0.8699426651000977,11638,0.5984764695167542,Osmancik
10360,427.3320007324219,187.57418823242188,70.72579193115234,0.9261908531188965,10525,0.5432331562042236,Osmancik
12075,430.47100830078125,176.1828155517578,88.5140609741211,0.8646359443664551,12248,0.8023256063461304,Osmancik
10796,410.1099853515625,165.7333526611328,84.24877166748047,0.8611568808555603,11060,0.6800201535224915,Osmancik
10549,414.44500732421875,170.02101135253906,80.4247817993164,0.8810471296310425,10868,0.6171171069145203,Osmancik
10950,412.3340148925781,166.30606079101562,85.29817199707031,0.8584491014480591,11172,0.7760453820228577,Osmancik
11923,437.9389953613281,184.99966430664062,83.11607360839844,0.8933925628662109,12093,0.7623401284217834,Osmancik
12181,430.9490051269531,177.65762329101562,87.49514770507812,0.8703163862228394,12353,0.7565838694572449,Osmancik
10898,414.8110046386719,170.23533630371094,82.55313873291016,0.8745499849319458,11094,0.6027321219444275,Osmancik
11642,427.95599365234375,171.07894897460938,87.56867218017578,0.8590682148933411,11946,0.7363693714141846,Osmancik
12170,441.47698974609375,181.88800048828125,86.5787353515625,0.8794451355934143,12373,0.7725512385368347,Osmancik
11774,433.72900390625,180.2784881591797,84.2235107421875,0.8841592669487,12036,0.7976964712142944,Osmancik
10842,412.7489929199219,167.04510498046875,84.00162506103516,0.8643632531166077,11105,0.6705009341239929,Osmancik
11914,430.6440124511719,172.00987243652344,90.05436706542969,0.8519999384880066,12215,0.7163299918174744,Osmancik
11766,423.9809875488281,171.2086181640625,88.11246490478516,0.8574005365371704,11954,0.6391786336898804,Osmancik
11293,424.6239929199219,178.36341857910156,81.41404724121094,0.8897488713264465,11473,0.7461020350456238,Osmancik
10222,423.49700927734375,182.8002471923828,72.12429809570312,0.9188733696937561,10421,0.820385217666626,Osmancik
13218,454.99798583984375,182.57839965820312,93.23714447021484,0.8597773313522339,13459,0.7333148121833801,Osmancik
10693,408.7040100097656,167.5240936279297,82.57571411132812,0.870075523853302,10911,0.7409229278564453,Osmancik
9963,410.0840148925781,171.16845703125,75.23148345947266,0.8982341885566711,10251,0.719298243522644,Osmancik
9028,390.4419860839844,165.4956817626953,69.93974304199219,0.9063127040863037,9260,0.7722840309143066,Osmancik
10728,415.927001953125,169.2743377685547,81.99688720703125,0.8748453259468079,10996,0.593100368976593,Osmancik
12558,439.7760009765625,173.44276428222656,93.39813995361328,0.8426284193992615,12804,0.6388888955116272,Osmancik
12362,448.11199951171875,181.0390625,88.52607727050781,0.8722900748252869,12720,0.6327804923057556,Osmancik
11242,418.64599609375,172.5299072265625,83.84862518310547,0.8739617466926575,11409,0.648888885974884,Osmancik
11969,431.1289978027344,177.24331665039062,86.83843231201172,0.8717566728591919,12135,0.602790117263794,Osmancik
10085,412.135009765625,172.9621124267578,75.26065826416016,0.9003685712814331,10351,0.6983104944229126,Osmancik
13050,460.8190002441406,187.39630126953125,89.7934799194336,0.8777256011962891,13379,0.5959992408752441,Osmancik
11618,434.177001953125,179.4154510498047,83.34638214111328,0.8855500221252441,11820,0.6167649030685425,Osmancik
11572,418.6289978027344,164.12326049804688,90.98297119140625,0.8322786092758179,11861,0.6616352200508118,Osmancik
10666,416.42401123046875,173.8935089111328,78.45743560791016,0.8924325108528137,10825,0.5947362780570984,Osmancik
10182,404.8489990234375,168.11895751953125,77.88880920410156,0.8862037062644958,10369,0.7927436828613281,Osmancik
9764,390.9570007324219,160.2270965576172,78.86163330078125,0.8704897165298462,9956,0.6488139033317566,Osmancik
11856,431.8630065917969,174.35243225097656,88.68266296386719,0.8609791994094849,12188,0.6150653958320618,Osmancik
12060,438.7749938964844,177.40103149414062,87.37784576416016,0.8702874779701233,12420,0.6486660838127136,Osmancik
11765,429.3349914550781,174.33135986328125,86.89266967773438,0.8669276833534241,11963,0.6146813035011292,Osmancik
15420,503.4599914550781,206.05654907226562,96.41728210449219,0.883772611618042,15800,0.5846223831176758,Osmancik
11101,418.0329895019531,169.87318420410156,84.64671325683594,0.86700838804245,11340,0.6595959663391113,Osmancik
10360,408.281005859375,165.73292541503906,81.28663635253906,0.871459424495697,10649,0.7852649092674255,Osmancik
10392,416.489013671875,177.36634826660156,75.56694793701172,0.9046995639801025,10559,0.562459409236908,Osmancik
9359,395.9880065917969,168.2939453125,71.10741424560547,0.9063540101051331,9555,0.5751597881317139,Osmancik